# SPL Evaluator generated temporary file
density.adjust <- 1
data <- as.double(c(
35000.0,41000.0,48000.0,55000.0,51000.0,60000.0,55000.0,55000.0,51000.0,54000.0,52000.0,55000.0,54000.0,51000.0,34000.0,40000.0,36000.0,35000.0,34000.0,34000.0,33000.0,35000.0,36000.0,50000.0,44000.0,55000.0,52000.0,52000.0,48000.0,56000.0,63000.0,53000.0,59000.0,48000.0,34000.0,34000.0,37000.0,36000.0,35000.0,36000.0,34000.0,36000.0,36000.0,33000.0,33000.0,34000.0,36000.0,37000.0,34000.0,33000.0,34000.0,36000.0,36000.0,31000.0,33000.0,34000.0,35000.0,36000.0,34000.0,33000.0,33000.0,36000.0,49000.0,34000.0,36000.0,77000.0,54000.0,101000.0,38000.0,29000.0,32000.0,32000.0,30000.0,29000.0,29000.0,33000.0,30000.0,28000.0,29000.0,29000.0,34000.0,31000.0,29000.0,29000.0,29000.0,31000.0,32000.0,29000.0,29000.0,29000.0,31000.0,31000.0,30000.0,29000.0,28000.0,31000.0,32000.0,28000.0,30000.0,30000.0,32000.0,31000.0,29000.0,30000.0,29000.0,31000.0,31000.0,28000.0,30000.0,29000.0,32000.0,34000.0,29000.0,29000.0,29000.0,31000.0,31000.0,29000.0,29000.0,29000.0,31000.0,32000.0,28000.0,28000.0,28000.0,32000.0,55000.0,46000.0,46000.0,51000.0,53000.0,54000.0,49000.0,48000.0,51000.0,49000.0,46000.0,46000.0,47000.0,60000.0,51000.0,46000.0,48000.0,48000.0,51000.0,51000.0,46000.0,47000.0,45000.0,48000.0,41000.0,29000.0,28000.0,28000.0,30000.0,30000.0,28000.0,28000.0,28000.0,30000.0,31000.0,31000.0,29000.0,28000.0,30000.0,30000.0,31000.0,28000.0,28000.0,30000.0,31000.0,28000.0,29000.0,28000.0,30000.0,31000.0,27000.0,29000.0,28000.0,30000.0,31000.0,28000.0,28000.0,28000.0,30000.0,31000.0,28000.0,28000.0,29000.0,30000.0,37000.0,28000.0,28000.0,30000.0,31000.0,28000.0,29000.0,30000.0,30000.0,27000.0,28000.0,28000.0,30000.0,30000.0,27000.0,28000.0,44000.0,46000.0,48000.0,49000.0,42000.0,42000.0,32000.0,29000.0,28000.0,28000.0,28000.0,31000.0,30000.0,28000.0,28000.0,28000.0,31000.0,29000.0,28000.0,28000.0,28000.0,30000.0,31000.0,28000.0,28000.0,29000.0,31000.0,31000.0,27000.0,28000.0,31000.0,35000.0,31000.0,27000.0,28000.0,28000.0,30000.0,49000.0,43000.0,46000.0,44000.0,49000.0,50000.0,43000.0,49000.0,31000.0,30000.0,72000.0,48000.0,47000.0,50000.0,51000.0,46000.0,45000.0,48000.0,50000.0,44000.0,46000.0,46000.0,49000.0,48000.0,53000.0,46000.0,46000.0,48000.0,52000.0,45000.0,46000.0,47000.0,49000.0,48000.0,45000.0,44000.0,46000.0,50000.0,51000.0,46000.0,47000.0,45000.0,48000.0,50000.0,45000.0,46000.0,45000.0,49000.0,48000.0,46000.0,47000.0,45000.0,49000.0,50000.0,45000.0,45000.0,46000.0,47000.0,80000.0,45000.0,44000.0,43000.0,47000.0,49000.0,45000.0,47000.0,43000.0,39000.0,48000.0,43000.0,47000.0,46000.0,48000.0,51000.0,47000.0,45000.0,45000.0,50000.0,50000.0,53000.0,47000.0,45000.0,51000.0,50000.0,45000.0,46000.0,44000.0,49000.0,49000.0,45000.0,48000.0,50000.0,50000.0,49000.0,44000.0,47000.0,50000.0,51000.0,45000.0,46000.0,47000.0,51000.0,51000.0,46000.0,46000.0,46000.0,50000.0,50000.0,46000.0,47000.0,47000.0,52000.0,50000.0,46000.0,47000.0,47000.0,50000.0,51000.0,45000.0,68000.0,47000.0,50000.0,48000.0,45000.0,46000.0,45000.0,49000.0,48000.0,46000.0,47000.0,44000.0,50000.0,49000.0,47000.0,47000.0,47000.0,50000.0,51000.0,46000.0,47000.0,47000.0,54000.0,50000.0,45000.0,45000.0,46000.0,49000.0,49000.0,46000.0,46000.0,45000.0,50000.0,48000.0,43000.0,47000.0,46000.0,50000.0,49000.0,45000.0,46000.0,51000.0,49000.0,49000.0,45000.0,47000.0,48000.0,51000.0,46000.0,46000.0,47000.0,49000.0,47000.0,46000.0,45000.0,47000.0,54000.0,49000.0,45000.0,46000.0,45000.0,49000.0,49000.0,44000.0,41000.0,31000.0,30000.0,29000.0,28000.0,27000.0,28000.0,30000.0,30000.0,27000.0,27000.0,29000.0,30000.0,30000.0,28000.0,28000.0,27000.0,29000.0,29000.0,27000.0,28000.0,28000.0,30000.0,30000.0,27000.0,27000.0,28000.0,29000.0,30000.0,27000.0,27000.0,28000.0,29000.0,30000.0,28000.0,27000.0,27000.0,29000.0,30000.0,27000.0,28000.0,30000.0,30000.0,31000.0,26000.0,28000.0,31000.0,31000.0,28000.0,27000.0,27000.0,30000.0,29000.0,27000.0,28000.0,28000.0,31000.0,30000.0,27000.0,28000.0,27000.0,31000.0,30000.0,28000.0,29000.0,28000.0,30000.0,29000.0,28000.0,28000.0,29000.0,31000.0,30000.0,27000.0,28000.0,26000.0,29000.0,30000.0,27000.0,27000.0,28000.0,29000.0,30000.0,28000.0,28000.0,28000.0,29000.0,29000.0,26000.0,26000.0,27000.0,30000.0,29000.0,28000.0,28000.0,28000.0,31000.0,31000.0,28000.0,32000.0,29000.0,30000.0,30000.0,28000.0,28000.0,30000.0,33000.0,30000.0,67000.0,68000.0,51000.0,54000.0,31000.0,28000.0,29000.0,31000.0,31000.0,27000.0,28000.0,27000.0,29000.0,29000.0,29000.0,29000.0,29000.0,30000.0,37000.0,40000.0,29000.0,28000.0,30000.0,30000.0,27000.0,27000.0,27000.0,31000.0,30000.0,28000.0,28000.0,29000.0,29000.0,30000.0,28000.0,27000.0,27000.0,29000.0,29000.0,28000.0,27000.0,28000.0,29000.0,30000.0,28000.0,28000.0,27000.0,29000.0,30000.0,27000.0,29000.0,28000.0,29000.0,31000.0,28000.0,28000.0,28000.0,30000.0,31000.0,28000.0,28000.0,28000.0,30000.0,29000.0,27000.0,27000.0,29000.0,29000.0,28000.0,27000.0,28000.0,29000.0,31000.0,28000.0,28000.0,27000.0,29000.0,30000.0,27000.0,29000.0,28000.0,81000.0,31000.0,29000.0,28000.0,28000.0,30000.0,30000.0,28000.0,28000.0,28000.0,31000.0,30000.0,28000.0,29000.0,50000.0,53000.0,50000.0,45000.0,28000.0,28000.0,29000.0,30000.0,29000.0,28000.0,28000.0,29000.0,30000.0,28000.0,28000.0,28000.0,29000.0,31000.0,27000.0,27000.0,27000.0,29000.0,29000.0,29000.0,29000.0,29000.0,29000.0,30000.0,28000.0,29000.0,27000.0,28000.0,29000.0,28000.0,28000.0,30000.0,29000.0,26000.0,28000.0,27000.0,30000.0,30000.0,28000.0,28000.0,29000.0,34000.0,30000.0,28000.0,28000.0,31000.0,29000.0,29000.0,27000.0,28000.0,27000.0,30000.0,29000.0,28000.0,28000.0,29000.0,32000.0,31000.0,28000.0,29000.0,29000.0,31000.0,30000.0,29000.0,28000.0,28000.0,29000.0,32000.0,30000.0,28000.0,44000.0,30000.0,30000.0,28000.0,28000.0,28000.0,29000.0,30000.0,28000.0,28000.0,29000.0,30000.0,31000.0,29000.0,28000.0,28000.0,30000.0,30000.0,28000.0,28000.0,28000.0,29000.0,29000.0,28000.0,28000.0,30000.0,29000.0,28000.0,28000.0,27000.0,29000.0,32000.0,27000.0,28000.0,27000.0,29000.0,28000.0,28000.0,28000.0,29000.0,31000.0,30000.0,28000.0,28000.0,28000.0,31000.0,30000.0,28000.0,29000.0,28000.0,30000.0,29000.0,26000.0,29000.0,28000.0,31000.0,30000.0,27000.0,30000.0,28000.0,30000.0,30000.0,28000.0,28000.0,28000.0,32000.0,31000.0,28000.0,28000.0,27000.0,29000.0,30000.0,28000.0,27000.0,29000.0,29000.0,31000.0,28000.0,29000.0,97000.0,82000.0,59000.0,49000.0,39000.0,64000.0,56000.0,44000.0,44000.0,43000.0,47000.0,47000.0,43000.0,43000.0,44000.0,46000.0,47000.0,43000.0,44000.0,43000.0,46000.0,47000.0,44000.0,44000.0,47000.0,48000.0,44000.0,60000.0,51000.0,52000.0,52000.0,43000.0,45000.0,62000.0,47000.0,51000.0,40000.0,42000.0,43000.0,46000.0,45000.0,40000.0,43000.0,45000.0,45000.0,43000.0,40000.0,42000.0,44000.0,44000.0,41000.0,41000.0,40000.0,45000.0,42000.0,40000.0,28000.0,28000.0,29000.0,28000.0,27000.0,27000.0,28000.0,28000.0,27000.0,27000.0,26000.0,29000.0,28000.0,27000.0,27000.0,27000.0,28000.0,30000.0,27000.0,27000.0,26000.0,39000.0,46000.0,41000.0,42000.0,45000.0,48000.0,45000.0,46000.0,43000.0,47000.0,49000.0,41000.0,40000.0,44000.0,46000.0,46000.0,44000.0,43000.0,45000.0,48000.0,44000.0,43000.0,43000.0,47000.0,47000.0,44000.0,44000.0,43000.0,47000.0,47000.0,44000.0,44000.0,44000.0,47000.0,47000.0,43000.0,44000.0,49000.0,55000.0,28000.0,27000.0,27000.0,30000.0,29000.0,27000.0,27000.0,27000.0,29000.0,29000.0,27000.0,27000.0,27000.0,28000.0,28000.0,26000.0,26000.0,28000.0,29000.0,27000.0,27000.0,27000.0,29000.0,29000.0,27000.0,27000.0,27000.0,29000.0,29000.0,27000.0,26000.0,28000.0,29000.0,31000.0,27000.0,27000.0,29000.0,29000.0,26000.0,27000.0,26000.0,29000.0,29000.0,25000.0,28000.0,27000.0,29000.0,29000.0,27000.0,27000.0,28000.0,29000.0,28000.0,26000.0,27000.0,28000.0,29000.0,27000.0,26000.0,27000.0,30000.0,28000.0,27000.0,26000.0,27000.0,28000.0,29000.0,27000.0,27000.0,27000.0,28000.0,28000.0,26000.0,27000.0,29000.0,29000.0,27000.0,27000.0,27000.0,29000.0,29000.0,27000.0,27000.0,27000.0,29000.0,29000.0,27000.0,27000.0,27000.0,29000.0,27000.0,